 bio_time = 51527, 51558, 51589, 51618, 51649, 51679, 51710, 51740, 51771,
    51802, 51832, 51863, 51893, 51924, 51955, 51983, 52014, 52044, 52075,
    52105, 52136, 52167, 52197, 52228, 52258, 52289, 52320, 52348, 52379,
    52409, 52440, 52470, 52501, 52532, 52562, 52593, 52623, 52654, 52685,
    52713, 52744, 52774, 52805, 52835, 52866, 52897, 52927, 52958, 52988,
    53019, 53050, 53079, 53110, 53140, 53171, 53201, 53232, 53263, 53293,
    53324, 53354, 53385, 53416, 53444, 53475, 53505, 53536, 53566, 53597,
    53628, 53658, 53689, 53719, 53750, 53781, 53809, 53840, 53870, 53901,
    53931, 53962, 53993, 54023, 54054, 54084, 54115, 54146, 54174, 54205,
    54235, 54266, 54296, 54327, 54358, 54388, 54419, 54449, 54480, 54511,
    54540, 54571, 54601, 54632, 54662, 54693, 54724, 54754, 54785, 54815,
    54846, 54877, 54905, 54936, 54966, 54997, 55027, 55058, 55089, 55119,
    55150, 55180, 55211, 55242, 55270, 55301, 55331, 55362, 55392, 55423,
    55454, 55484, 55515, 55545, 55576, 55607, 55635, 55666, 55696, 55727,
    55757, 55788, 55819, 55849, 55880, 55910, 55941, 55972, 56001, 56032,
    56062, 56093, 56123, 56154, 56185, 56215, 56246, 56276, 56307, 56338,
    56366, 56397, 56427, 56458, 56488, 56519, 56550, 56580, 56611, 56641,
    56672, 56703, 56731, 56762, 56792, 56823, 56853, 56884, 56915, 56945,
    56976, 57006, 57037, 57068, 57096, 57127, 57157, 57188, 57218, 57249,
    57280, 57310, 57341, 57371, 57402, 57433, 57462, 57493, 57523, 57554,
    57584, 57615, 57646, 57676, 57707, 57737, 57768, 57799, 57827, 57858,
    57888, 57919, 57949, 57980, 58011, 58041, 58072, 58102, 58133, 58164,
    58192, 58223, 58253, 58284, 58314, 58345, 58376, 58406, 58437, 58467,
    58498, 58529, 58557, 58588, 58618, 58649, 58679, 58710, 58741, 58771,
    58802, 58832, 58863 ;
